35832898
9338833
34095975
11138687
32515216
32656534
20184113
34451895
32171361
34209169
34448740
11423540
37545499
9338834
34633138
37349726
37349724
34633140
37334333
34781279
35169035
34451886
34633005
37515371
35499608
35136268
32940162
19983131
34451892
35195948
34633136
32790667
5853030
36046560
11138634
7997370
11138635
11138643
36560252
29513326
6255492
34492363
9722198
35990540
9722197
30443061
6887987
6455565
8016858
8016857
35146420
13324706
36426729
34492717
6255483
16639609
35146422
17035382
17035381
36278970
34492719
38682227
12174832
2915385
34693148
36671362
32207333
34476957
27769128
34956046
30090909
34092739
30625452
29822446
30090907
30625451
32987075
30090908
30625450
27769126
34956040
7026547
30306170
27461783
16222709
8489834
35589632
35827066
30090905
34956048
35589631
27769127
35827071
9722207
6255490
7128525
28988998
8016826
36114128
11337985
6886135
8016832
6887993
6887990
